id;lat;lon;error
01;-16.67154;-49.25371;40
02;-16.64567;-49.18243;4
03;-16.69009;-49.20875;230
04;-16.68783;-49.35762;31
05;-16.71918;-49.26351;500
06;-16.73781;-49.27055;300
07;-16.71838;-49.26572;400
08;-16.69915;-49.35817;1000
09;-16.70353;-49.26566;650
10;-16.69743;-49.28551;14
11;-16.64863;-49.18722;220
12;-16.62165;-49.31711;110
13;-16.58499;-49.33773;240
14;-16.67154;-49.25371;40
15;-16.71910;-49.28049;92
16;-16.72093;-49.32781;160
17;-16.67099;-49.21287;9
18;-16.68674;-49.26338;7600
19;-16.64731;-49.29749;69
20;-16.70225;-49.28978;5300
21;-16.65158;-49.21115;86
22;-16.63272;-49.31882;220
23;-16.64628;-49.29511;51
24;-16.69806;-49.35910;20300
25;-16.64494;-49.32641;230
26;-16.67722;-49.30039;39
27;-16.70081;-49.35422;25
28;-16.65555;-49.24059;350
29;-16.63780;-49.28024;240
30;-16.70019;-49.31647;65
31;-16.68491;-49.34934;2000
32;-16.64718;-49.19166;8
33;-16.74404;-49.29870;1400
34;-16.59965;-49.30866;26100
35;-16.68732;-49.22086;350
36;-16.71450;-49.23979;110